24A4B56	13	1045032210	6
31	8	27	9
4212525	6	23012401	5
11011111	2	ED	15
2252	9	11415	6
66	7	110000	2
531073	8	101011001000111011	2
53	6	201	4
20022000	3	6260	9
1305433	6	16189	15
503368186	10	2012330240221	5
23	9	210	3
323031	4	ECD	16
77256576	9	216402115	8
386405820	9	102220110012220200	3
949	11	101312	4
792BC7C	16	36674450	12
0	2	0	10
0	10	0	2
0	16	0	8
11111111	2	255	10
10000000	2	80	16
123456789	10	75BCD15	16
ABCDEF	16	11259375	10
777777	8	262143	10
1234567	8	53977	16
1	2	1	10
1	10	1	2
1	16	1	8
23	6	15	10
10101010	2	252	8
12121212	3	5555	9
20202020	3	1030320	4
87654321	10	5397FB1	16
11111111111111111111	2	1048575	10
7FFFFFFF	16	2147483647	10
FFFF	16	1111111111111111	2
10000	10	2710	16
99999	10	303237	8
12345678	9	6053444	10
100	2	4	10
100	8	64	10
100	10	64	16
100	16	256	10
2147483647	10	7FFFFFFF	16
101010	2	1120	3
202020	3	1000100010	2
1111111111111111	2	FFFF	16
1A2B3C	16	1715004	10
13579	10	350B	16
2468	10	4644	8
147	8	1100111	2
258	9	21222	3
369	10	11301	4
A0B0C0	16	10531008	10
881A361A	11	322104211212	5
7A92A01	11	48A2B73	12
1A97A49B4	13	11022311133124	5
1201111002	3	23507	11
9199	11	5731	13
30	12	36	10
5102235	7	605862	10
3024123	7	200020201020	3
11333	4	465	9
876385314	9	12306540655	7
11010	3	11010	3
23	7	25	6
6DD30B4	16	12313103002310	4
39723	12	231713	8
58522720	9	24242224113	5
30401C8	14	22742644	10
6930B752	13	1330243243204	5
111	2	7	16
70C2	13	444122	5
30606	7	1110101001111	2
ECF	16	154B	14
241212343	5	10100212312	4
28009770	13	E621D03	15
4F0A	16	14225	11
639	10	453	12
64D2AC	14	4775D4	15
45403	6	190B	16
1111	2	15	10
2222	3	80	10
3333	4	255	10
4444	5	624	10
5555	6	1295	10
6666	7	2400	10
7777	8	4095	10
8888	9	6560	10
9999	10	9999	10
AAAA	11	14640	10
BBBB	12	20735	10
CCCC	13	28560	10
DDDD	14	38415	10
EEEE	15	50624	10
FFFF	16	65535	10
10	2	2	10
10	3	3	10
10	4	4	10
10	5	5	10
10	6	6	10
10	7	7	10
10	8	8	10
10	9	9	10
10	10	10	10
10	11	11	10
10	12	12	10
10	13	13	10
10	14	14	10
10	15	15	10
10	16	16	10
11	2	10	3
22	3	20	4
33	4	30	5
44	5	40	6
55	6	50	7
66	7	60	8
77	8	70	9
88	9	80	10
99	10	90	11
AA	11	A0	12
BB	12	B0	13
CC	13	C0	14
DD	14	D0	15
EE	15	E0	16
101	2	5	10
102	3	11	10
103	4	19	10
104	5	29	10
105	6	41	10
106	7	55	10
107	8	71	10
108	9	89	10
109	10	109	10
10A	11	131	10
10B	12	155	10
10C	13	181	10
10D	14	209	10
10E	15	239	10
10F	16	271	10
1010	2	12	8
1111	2	17	8
10000	2	20	8
11111	2	37	8
100000	2	40	8
111111	2	77	8
1000000	2	100	8
1111111	2	177	8
10000000	2	200	8
11111111	2	377	8
100000000	2	400	8
111111111	2	777	8
1000000000	2	1000	8
1111111111	2	1777	8
12	3	5	9
21	3	7	9
120	3	16	9
210	3	23	9
1200	3	50	9
2100	3	70	9
12000	3	160	9
21000	3	230	9
120000	3	500	9
210000	3	700	9
0	2	0	2
0	3	0	3
0	8	0	8
0	10	0	10
0	16	0	16
1	2	1	2
1	3	1	3
1	8	1	8
1	10	1	10
1	16	1	16
12345	6	1865	10
23456	7	6068	10
34567	8	14711	10
45678	9	30446	10
56789	10	56789	10
6789A	11	98240	10
789AB	12	160403	10
89ABC	13	250106	10
9ABCD	14	375521	10
ABCDE	15	546284	10
BCDEF	16	773615	10
99	10	1100011	2
999	10	1111100111	2
9999	10	10011100001111	2
99999	10	11000011010011111	2
999999	10	11110100001000111111	2
9999999	10	100110001001011001111111	2
99999999	10	101111101011110000011111111	2
999999999	10	111011100110101100100111111111	2
77	8	111111	2
777	8	111111111	2
7777	8	111111111111	2
77777	8	111111111111111	2
777777	8	111111111111111111	2
7777777	8	111111111111111111111	2
FF	16	11111111	2
FFF	16	111111111111	2
FFFF	16	1111111111111111	2
FFFFF	16	11111111111111111111	2
FFFFFF	16	111111111111111111111111	2
FFFFFFF	16	1111111111111111111111111111	2
22	3	8	10
33	4	15	10
44	5	24	10
55	6	35	10
66	7	48	10
77	8	63	10
88	9	80	10
99	10	99	10
AA	11	120	10
BB	12	143	10
CC	13	168	10
DD	14	195	10
EE	15	224	10
FF	16	255	10
1000000000000000	2	8000	16
2000000000000000	3	1B5E4D6	16
1357924680	10	1010000111100000100100101001000	2
ABCDEF	16	101010111100110111101111	2
BCDEFA	16	212021212012220	3
CDEFAB	16	303132332223	4
DEFABC	16	12220110210	5
EFABCD	16	1320353553	6
FABCDE	16	256446504	7
1010101010101010	2	43690	10
2020202020202020	3	32285040	10
1212121212121212	3	26904200	10
1001001001001001	2	37449	10
2002002002002002	3	29801576	10
1221122112211221	3	27980368	10
7FFFFFFF	16	1111111111111111111111111111111	2
11111	2	11111	2
22222	3	22222	3
33333	4	33333	4
44444	5	44444	5
55555	6	55555	6
66666	7	66666	7
77777	8	77777	8
88888	9	88888	9
99999	10	99999	10
AAAAA	11	AAAAA	11
BBBBB	12	BBBBB	12
CCCCC	13	CCCCC	13
DDDDD	14	DDDDD	14
EEEEE	15	EEEEE	15
FFFFF	16	FFFFF	16
12345	10	11000000111001	2
23456	10	1012011202	3
34567	10	20130013	4
45678	10	2430203	5
56789	10	1114525	6
67890	10	401634	7
78901	10	232065	8
89012	10	145082	9
90123	10	61790	11
ABCDE	16	10101011110011011110	2
BCDEF	16	1110022012102	3
CDEF0	16	3031323300	4
DEF01	16	213210103	5
EF012	16	32552122	6
F0123	16	11233566	7
1	2	1	3
1	3	1	2
10	2	2	3
10	3	11	2
100	2	11	3
100	3	1001	2
1000	2	22	3
1000	3	11011	2
10000	2	121	3
10000	3	1010001	2
100000	2	1012	3
100000	3	11110011	2
1000000	2	2101	3
1000000	3	1011011001	2
10000000	2	11202	3
10000000	3	100010001011	2
100000000	2	100111	3
100000000	3	1100110100001	2
1000000000	2	200222	3
1000000000	3	100110011100011	2
